YES
citypath(1,1,2,2,[[0,0,0],[0,0,0],[0,0,0],[0,0,0]],Path).

YES
citypath(0,0,4,4,[[0,1,1,1,1],[0,1,1,1,1],[0,0,0,1,1],[1,1,0,1,1],[1,1,0,0,0]],Path).

YES
citypath(4,4,0,0,[[0,1,1,1,1],[0,1,1,1,1],[0,0,0,1,1],[1,1,0,1,1],[1,1,0,0,0]],Path).

NO
citypath(0,0,4,4,[[0,1,1,1,1],[0,1,1,1,1],[0,0,0,1,1],[1,1,1,1,1],[1,1,0,0,0]],Path).

NO
citypath(4,4,0,0,[[0,1,1,1,1],[0,1,1,1,1],[0,0,0,1,1],[1,1,1,1,1],[1,1,0,0,0]],Path).

YES
citypath(5,0,0,0,[[0,0,1,1,1,0],[1,0,0,0,1,0],[1,1,1,0,1,0],[1,1,1,0,0,0]],Path).

YES
citypath(0,0,5,0,[[0,0,1,1,1,0],[1,0,0,0,1,0],[1,1,1,0,1,0],[1,1,1,0,0,0]],Path).

YES
citypath(5,0,0,0,[[0,0,1,1,1,0],[1,0,0,0,1,0],[1,1,1,0,1,0],[1,0,0,0,0,0]],Path).

YES
citypath(0,0,1,3,[[0,0,1,1,1,0],[1,0,0,0,1,0],[1,1,1,0,1,0],[1,0,0,0,0,0]],Path).

NO
citypath(0,0,1,3,[[0,0,1,1,1,0],[1,1,0,0,1,0],[1,1,1,0,1,0],[1,0,0,0,0,0]],Path).
