(Pdb) puzzle
array([[ 2.,  2.,  2.,  2.,  2.,  2.,  1.,  1.,  1.,  1.,  1.,  1.,  0.],
       [ 3.,  3.,  3.,  3.,  1.,  1.,  1.,  1.,  1.,  1.,  0.,  0.,  0.],
       [ 4.,  4.,  4.,  4.,  1.,  1.,  1.,  1.,  0.,  0.,  0.,  0.,  0.],
       [ 5.,  1.,  1.,  1.,  1.,  1.,  0.,  0.,  0.,  0.,  0.,  0.,  0.],
       [ 6.,  6.,  1.,  1.,  0.,  0.,  0.,  0.,  0.,  0.,  0.,  0.,  0.],
       [ 7.,  1.,  0.,  0.,  0.,  0.,  0.,  0.,  0.,  0.,  0.,  0.,  0.]])
(Pdb) c
> /home/kendall/Documents/Development/CS463G/prog1/rotate_backwards.py(362)rotate_backwards()
-> pdb.set_trace()
(Pdb) puzzle
array([[ 2.,  2.,  2.,  2.,  2.,  2.,  3.,  1.,  1.,  1.,  1.,  0.,  0.],
       [ 3.,  3.,  3.,  3.,  1.,  1.,  1.,  1.,  1.,  0.,  0.,  0.,  0.],
       [ 4.,  4.,  4.,  4.,  5.,  5.,  1.,  0.,  0.,  0.,  0.,  0.,  0.],
       [ 5.,  1.,  1.,  1.,  1.,  0.,  0.,  0.,  0.,  0.,  0.,  0.,  0.],
       [ 6.,  6.,  1.,  0.,  0.,  0.,  0.,  0.,  0.,  0.,  0.,  0.,  0.],
       [ 7.,  1.,  1.,  1.,  1.,  1.,  1.,  0.,  0.,  0.,  0.,  0.,  0.]])

